function [track] = LincolnEnduro2015()

%% Track Parameters
%track Setup:
%Column 1: 1 is a Straight, 0 is a Curve
%Column 2: if Straight, length. if Curve, Radius [meters]
%Column 3: if Curve, angle in degrees. else 0
%Column 4: if Curve, 1 = lefthand, -1 = righthand. else 0


%specific track below
track(1,:) = [1 75.8 0 0];
track(2,:) = [0 53.9 10.1 -1];
track(3,:) = [0 15.9 84.2 1];
track(4,:) = [1 15.1 0 0];
track(5,:) = [0 16.5 27.5 -1];
track(6,:) = [1 28.3 0 0];
track(7,:) = [0 18.5 186 -1];
track(8,:) = [0 21.8 66.9 1];
track(9,:) = [0 14.8 60.5 -1];
track(10,:) = [1 12.2 0 0];
track(11,:) = [0 9.48 97.3 1];
track(12,:) = [0 9.05 131 -1];
track(13,:) = [1 76.5 0 0];
track(14,:) = [0 28.8 207 1];
track(15,:) = [0 20.2 48.3 -1];
track(16,:) = [0 20.7 31.9 1];
track(17,:) = [0 11.9 51.5 -1];
track(18,:) = [0 16 42.7 1];
track(19,:) = [0 15.2 44.6 -1];
track(20,:) = [0 21.1 37.4 1];
track(21,:) = [0 29.7 40.4 -1];
track(22,:) = [0 10.2 182 1];
track(23,:) = [0 10.1 164 -1];
track(24,:) = [1 14 0 0];
track(25,:) = [0 18 145 1];
track(26,:) = [0 18.1 125 -1];
track(27,:) = [0 18.3 54.8 1];
track(28,:) = [1 30.9 0 0];
track(29,:) = [0 7.54 161 -1];
track(30,:) = [1 73.6 0 0];
track(31,:) = [0 16.7 35.2 -1];
track(32,:) = [0 8.89 74.4 1];
track(33,:) = [0 9.75 90 -1];
track(34,:) = [1 12.3 0 0];
track(35,:) = [0 15.6 90 1];
track(36,:) = [0 25.4 135 -1];
track(37,:) = [0 52.2 19.7 -1];
track(38,:) = [1 10.6 0 0];
track(39,:) = [0 20.1 47.8 1];
track(40,:) = [0 13.8 40 -1];
track(41,:) = [0 25 65.5 1];
track(42,:) = [0 13.5 76.4 -1];
track(43,:) = [0 12.4 56.4 1];
track(44,:) = [0 16.5 44.4 -1];
track(45,:) = [0 13.4 66.3 1];
track(46,:) = [0 15.8 42.6 -1];
track(47,:) = [1 69.2 0 0];
track(48,:) = [0 12.5 105 -1];
track(49,:) = [0 41.4 21.1 1];
track(50,:) = [0 16.7 33.2 -1];
track(51,:) = [0 28 29.3 1];
track(52,:) = [0 20.9 35.9 -1];
track(53,:) = [0 24.9 47.7 1];
track(54,:) = [0 40.7 37.2 1];
track(55,:) = [1 32.8 0 0];
track(56,:) = [0 8.67 171 -1];
track(57,:) = [1 17.2 0 0];
track(58,:) = [0 11.9 53.8 1];


end